8 13 9 0 0 0 0 10 5 2 4 0 15 0 12 0
0 0 0 0 3 9 0 0 0 7 0 0 4 14 1 10
0 0 16 0 0 0 0 4 0 0 0 0 0 0 8 6
0 0 14 0 13 0 5 15 3 6 0 0 2 0 0 16
5 9 7 11 15 8 0 0 4 0 0 0 0 0 0 0
15 0 0 0 6 0 0 0 14 0 8 0 0 5 3 0
0 0 10 0 14 12 0 0 0 0 5 15 16 11 0 8
0 14 0 12 0 0 0 9 6 0 13 0 0 0 10 2
0 0 0 0 0 0 0 0 9 0 0 0 7 0 15 0
12 7 13 0 10 14 0 6 0 0 0 0 0 9 11 0
0 0 4 0 12 0 0 0 0 0 11 14 0 0 0 0
0 0 0 0 0 0 0 5 10 12 0 0 13 6 0 0
10 2 5 0 0 7 0 11 15 4 16 0 0 0 0 0
0 0 12 0 0 3 4 0 0 0 10 11 0 0 6 0
0 6 0 15 9 13 0 14 8 0 12 0 0 0 0 1
0 0 0 0 0 10 0 0 0 0 0 0 3 0 5 0